workers,pid,comm,state,ppid,pgrp,session,tty_nr,tpgid,flags,minflt,cminflt,majflt,cmajflt,utime,stime,cutime,cstime,priority,nice,num_threads,itrealvalue,starttime,vsize,rss,rsslim,startcode,endcode,startstack,kstkesp,kstkeip,signal,blocked,sigignore,sigcatch,wchan,nswap,cnswap,exit_signal,processor,rt_priority,policy,delayacct_blkio_ticks,guest_time,cguest_time,start_data,end_data,start_brk,arg_start,arg_end,env_start,env_end,exit_code
1,38794,(materialized),S,38788,38788,6701,34817,38788,1077936128,18944,3064,0,0,118,38,3,0,20,0,69,0,1288167,740491264,76914,18446744073709551615,94041308078080,94041349685745,140729056843888,0,0,0,0,4,32323,0,0,0,17,7,0,0,1,0,0,94041363291392,94041366204448,94041399705600,140729056852556,140729056852596,140729056852596,140729056858076,0
2,38992,(materialized),S,38788,38788,6701,34817,38788,1077936128,24763,3067,0,0,232,40,3,1,20,0,70,0,1300168,879443968,100219,18446744073709551615,93835925553152,93835967160817,140725014451536,0,0,0,0,4,32323,0,0,0,17,0,0,0,1,0,0,93835980766464,93835983679520,93836004507648,140725014452812,140725014452852,140725014452852,140725014458332,0
4,39189,(materialized),S,38788,38788,6701,34817,38788,1077936128,33766,3059,0,0,507,45,2,2,20,0,72,0,1312170,1304674304,154449,18446744073709551615,94516604940288,94516646547953,140720310656512,0,0,0,0,4,32323,0,0,0,17,3,0,0,1,0,0,94516660153600,94516663066656,94516684611584,140720310663756,140720310663796,140720310663796,140720310669276,0
8,39372,(materialized),S,38788,38788,6701,34817,38788,1077936128,53968,3063,0,0,1221,80,4,1,20,0,76,0,1324171,2289876992,310789,18446744073709551615,93874623758336,93874665366001,140731529778096,0,0,0,0,4,32323,0,0,0,17,1,0,0,1,0,0,93874678971648,93874681884704,93874704179200,140731529783884,140731529783924,140731529783924,140731529789404,0
16,39524,(materialized),S,38788,38788,6701,34817,38788,1077936128,116417,3070,0,0,3643,220,4,0,20,0,84,0,1336174,5472436224,738874,18446744073709551615,93836389765120,93836431372785,140722127248672,0,0,0,0,4,32323,0,0,0,17,2,0,0,1,0,0,93836444978432,93836447891488,93836453867520,140722127252043,140722127252084,140722127252084,140722127257564,0
32,39716,(materialized),S,38788,38788,6701,34817,38788,1077936128,272384,3058,0,0,14660,966,5,1,20,0,100,0,1348181,16851320832,1830001,18446744073709551615,94168730685440,94168772293105,140727812806176,0,0,0,0,4,32323,0,0,0,17,13,0,0,1,0,0,94168785898752,94168788811808,94168822456320,140727812811339,140727812811380,140727812811380,140727812816860,0
1,39878,(materialized),S,38788,38788,6701,34817,38788,1077936128,18804,3058,0,0,135,32,4,0,20,0,69,0,1360195,740491264,77586,18446744073709551615,94750024454144,94750066061809,140728411443216,0,0,0,0,4,32323,0,0,0,17,29,0,0,1,0,0,94750079667456,94750082580512,94750091722752,140728411449932,140728411449972,140728411449972,140728411455452,0
2,40152,(materialized),S,38788,38788,6701,34817,38788,1077936128,26096,3063,0,0,244,38,2,1,20,0,70,0,1372196,879443968,99953,18446744073709551615,94725818265600,94725859873265,140733710494896,0,0,0,0,4,32323,0,0,0,17,27,0,0,1,0,0,94725873478912,94725876391968,94725879345152,140733710502476,140733710502516,140733710502516,140733710507996,0
4,40284,(materialized),S,38788,38788,6701,34817,38788,1077936128,33120,3061,0,0,484,53,4,0,20,0,72,0,1384198,1304674304,157451,18446744073709551615,93972515459072,93972557066737,140729245305568,0,0,0,0,4,32323,0,0,0,17,16,0,0,1,0,0,93972570672384,93972573585440,93972588449792,140729245313612,140729245313652,140729245313652,140729245319132,0
8,40518,(materialized),S,38788,38788,6701,34817,38788,1077936128,54461,3059,0,0,1188,95,3,1,20,0,76,0,1396200,2289876992,317655,18446744073709551615,94004726816768,94004768424433,140729224294912,0,0,0,0,4,32323,0,0,0,17,13,0,0,1,0,0,94004782030080,94004784943136,94004794253312,140729224297036,140729224297076,140729224297076,140729224302556,0
16,40698,(materialized),S,38788,38788,6701,34817,38788,1077936128,105842,3061,0,0,3661,196,4,0,20,0,84,0,1408203,5472436224,731214,18446744073709551615,94254336045056,94254377652721,140733187708208,0,0,0,0,4,32323,0,0,0,17,9,0,0,1,0,0,94254391258368,94254394171424,94254400835584,140733187713611,140733187713652,140733187713652,140733187719132,0
32,40849,(materialized),S,38788,38788,6701,34817,38788,1077936128,320550,3062,1,0,15742,1095,5,1,20,0,100,0,1420208,16679878656,1763227,18446744073709551615,93996528836608,93996570444273,140722152370272,0,0,0,0,4,32323,0,0,0,17,22,0,0,1,0,0,93996584049920,93996586962976,93996618731520,140722152372811,140722152372852,140722152372852,140722152378332,0
1,41049,(materialized),S,38788,38788,6701,34817,38788,1077936128,19609,3064,0,0,133,37,3,1,20,0,69,0,1432223,737869824,76234,18446744073709551615,94732297310208,94732338917873,140729356747824,0,0,0,0,4,32323,0,0,0,17,30,0,0,1,0,0,94732352523520,94732355436576,94732385267712,140729356753484,140729356753524,140729356753524,140729356759004,0
2,41225,(materialized),S,38788,38788,6701,34817,38788,1077936128,25548,3054,0,0,239,48,2,1,20,0,70,0,1444225,885735424,103985,18446744073709551615,94543853756416,94543895364081,140725912610416,0,0,0,0,4,32323,0,0,0,17,28,0,0,1,0,0,94543908969728,94543911882784,94543945367552,140725912619596,140725912619636,140725912619636,140725912625116,0
4,41353,(materialized),S,38788,38788,6701,34817,38788,1077936128,32997,3058,0,0,474,58,3,0,20,0,72,0,1456226,1304674304,159260,18446744073709551615,94318794850304,94318836457969,140733975062480,0,0,0,0,4,32323,0,0,0,17,1,0,0,1,0,0,94318850063616,94318852976672,94318864232448,140733975067212,140733975067252,140733975067252,140733975072732,0
8,41568,(materialized),S,38788,38788,6701,34817,38788,1077936128,59782,3061,2,0,1185,87,3,0,20,0,76,0,1468228,2289876992,302701,18446744073709551615,93991153741824,93991195349489,140728110095104,0,0,0,0,4,32323,0,0,0,17,30,0,0,1,0,0,93991208955136,93991211868192,93991225368576,140728110099020,140728110099060,140728110099060,140728110104540,0
16,41771,(materialized),S,38788,38788,6701,34817,38788,1077936128,102814,3058,0,0,3677,214,4,0,20,0,84,0,1480231,5472436224,736211,18446744073709551615,93848667516928,93848709124593,140734048524608,0,0,0,0,4,32323,0,0,0,17,23,0,0,1,0,0,93848722730240,93848725643296,93848755322880,140734048533067,140734048533108,140734048533108,140734048538588,0
32,41991,(materialized),S,38788,38788,6701,34817,38788,1077936128,320056,3065,27,0,16298,1031,4,1,20,0,100,0,1492236,17103503360,1770322,18446744073709551615,93960031649792,93960073257457,140735629413136,0,0,0,0,4,32323,0,0,0,17,30,0,0,1,0,0,93960086863104,93960089776160,93960117293056,140735629421131,140735629421172,140735629421172,140735629426652,0
1,42171,(materialized),S,38788,38788,6701,34817,38788,1077936128,19713,3062,0,0,137,31,4,0,20,0,69,0,1504251,734199808,74603,18446744073709551615,94213936496640,94213978104305,140733361270976,0,0,0,0,4,32323,0,0,0,17,15,0,0,1,0,0,94213991709952,94213994623008,94214019653632,140733361273420,140733361273460,140733361273460,140733361278940,0
2,42310,(materialized),S,38788,38788,6701,34817,38788,1077936128,26066,3060,0,0,243,43,3,0,20,0,70,0,1516252,885735424,99933,18446744073709551615,94272590749696,94272632357361,140731840707408,0,0,0,0,4,32323,0,0,0,17,27,0,0,1,0,0,94272645963008,94272648876064,94272680071168,140731840711244,140731840711284,140731840711284,140731840716764,0
4,42468,(materialized),S,38788,38788,6701,34817,38788,1077936128,33292,3056,0,0,483,47,3,0,20,0,72,0,1528254,1304674304,157729,18446744073709551615,94123664510976,94123706118641,140735158844576,0,0,0,0,4,32323,0,0,0,17,18,0,0,1,0,0,94123719724288,94123722637344,94123739037696,140735158852172,140735158852212,140735158852212,140735158857692,0
8,42594,(materialized),S,38788,38788,6701,34817,38788,1077936128,57288,3062,0,0,1243,91,4,0,20,0,76,0,1540256,2289876992,317425,18446744073709551615,94691966660608,94692008268273,140732159014000,0,0,0,0,4,32323,0,0,0,17,27,0,0,1,0,0,94692021873920,94692024786976,94692030902272,140732159015500,140732159015540,140732159015540,140732159021020,0
16,42765,(materialized),S,38788,38788,6701,34817,38788,1077936128,107133,3057,0,0,4068,198,3,1,20,0,84,0,1552259,5472436224,736438,18446744073709551615,93848392261632,93848433869297,140728789375840,0,0,0,0,4,32323,0,0,0,17,22,0,0,1,0,0,93848447474944,93848450388000,93848478375936,140728789379659,140728789379700,140728789379700,140728789385180,0
32,42923,(materialized),S,38788,38788,6701,34817,38788,1077936128,282799,3057,0,0,18832,1044,5,0,20,0,100,0,1564264,14903590912,1835130,18446744073709551615,93897531092992,93897572700657,140726891433760,0,0,0,0,4,32323,0,0,0,17,31,0,0,1,0,0,93897586306304,93897589219360,93897604706304,140726891436619,140726891436660,140726891436660,140726891442140,0
1,43109,(materialized),S,38788,38788,6701,34817,38788,1077936128,20616,3062,0,0,127,35,4,0,20,0,69,0,1576279,740491264,76360,18446744073709551615,94651305967616,94651347575281,140725079135776,0,0,0,0,4,32323,0,0,0,17,23,0,0,1,0,0,94651361180928,94651364093984,94651381039104,140725079140940,140725079140980,140725079140980,140725079146460,0
2,43408,(materialized),S,38788,38788,6701,34817,38788,1077936128,24658,3068,0,0,247,32,4,0,20,0,70,0,1588280,885735424,98844,18446744073709551615,94301372551168,94301414158833,140736324316608,0,0,0,0,4,32323,0,0,0,17,29,0,0,1,0,0,94301427764480,94301430677536,94301447000064,140736324323916,140736324323956,140736324323956,140736324329436,0
4,43705,(materialized),S,38788,38788,6701,34817,38788,1077936128,33339,3065,0,0,480,55,3,1,20,0,72,0,1600282,1302052864,156763,18446744073709551615,94128743907328,94128785514993,140727369227136,0,0,0,0,4,32323,0,0,0,17,29,0,0,1,0,0,94128799120640,94128802033696,94128825118720,140727369230924,140727369230964,140727369230964,140727369236444,0
8,43890,(materialized),S,38788,38788,6701,34817,38788,1077936128,54447,3062,6,0,1228,81,5,1,20,0,76,0,1612284,2289876992,314458,18446744073709551615,94455187296256,94455228903921,140724844817584,0,0,0,0,4,32323,0,0,0,17,14,0,0,1,0,0,94455242509568,94455245422624,94455251668992,140724844825164,140724844825204,140724844825204,140724844830684,0
16,44038,(materialized),S,38788,38788,6701,34817,38788,1077936128,109422,3062,3,0,3660,223,5,0,20,0,84,0,1624287,5472436224,751261,18446744073709551615,93876178935808,93876220543473,140725456354480,0,0,0,0,4,32323,0,0,0,17,12,0,0,1,0,0,93876234149120,93876237062176,93876242010112,140725456362059,140725456362100,140725456362100,140725456367580,0
32,44422,(materialized),S,38788,38788,6701,34817,38788,1077936128,263842,3064,0,0,17387,984,5,0,20,0,100,0,1636292,17099309056,1754966,18446744073709551615,94846598955008,94846640562673,140726514941920,0,0,0,0,4,32323,0,0,0,17,6,0,0,2,0,0,94846654168320,94846657081376,94846665129984,140726514948683,140726514948724,140726514948724,140726514954204,0
1,44801,(materialized),S,38788,38788,6701,34817,38788,1077936128,20160,3064,0,0,130,31,3,1,20,0,69,0,1648306,731578368,75281,18446744073709551615,94569072861184,94569114468849,140729018757424,0,0,0,0,4,32323,0,0,0,17,29,0,0,1,0,0,94569128074496,94569130987552,94569142181888,140729018763852,140729018763892,140729018763892,140729018769372,0
2,45365,(materialized),S,38788,38788,6701,34817,38788,1077936128,24080,3059,0,0,239,36,4,0,20,0,70,0,1660307,888356864,99707,18446744073709551615,94922207682560,94922249290225,140731637501952,0,0,0,0,4,32323,0,0,0,17,2,0,0,1,0,0,94922262895872,94922265808928,94922284228608,140731637508684,140731637508724,140731637508724,140731637514204,0
4,46834,(materialized),S,38788,38788,6701,34817,38788,1077936128,34018,3271,0,0,483,58,3,1,20,0,72,0,1672309,1304674304,155317,18446744073709551615,94861662400512,94861704008177,140731281775840,0,0,0,0,4,32323,0,0,0,17,23,0,0,1,0,0,94861717613824,94861720526880,94861746204672,140731281783372,140731281783412,140731281783412,140731281788892,0
8,47626,(materialized),S,38788,38788,6701,34817,38788,1077936128,57022,3270,1,0,1219,79,4,0,20,0,76,0,1684310,2289876992,311529,18446744073709551615,94858888507392,94858930115057,140723136708640,0,0,0,0,4,32323,0,0,0,17,23,0,0,1,0,0,94858943720704,94858946633760,94858968436736,140723136711244,140723136711284,140723136711284,140723136716764,0
16,47848,(materialized),S,38788,38788,6701,34817,38788,1077936128,108412,3272,0,0,3847,200,4,1,20,0,84,0,1696313,5472436224,725435,18446744073709551615,94625373470720,94625415078385,140733831422624,0,0,0,0,4,32323,0,0,0,17,7,0,0,1,0,0,94625428684032,94625431597088,94625434173440,140733831428683,140733831428724,140733831428724,140733831434204,0
32,48254,(materialized),S,38788,38788,6701,34817,38788,1077936128,316850,3276,4,0,14995,1004,4,1,20,0,100,0,1708319,17019092992,1782854,18446744073709551615,94204901330944,94204942938609,140737082560832,0,0,0,0,4,32323,0,0,0,17,14,0,0,1,0,0,94204956544256,94204959457312,94204973240320,140737082567243,140737082567284,140737082567284,140737082572764,0
1,48639,(materialized),S,38788,38788,6701,34817,38788,1077936128,18871,3271,0,0,139,31,3,0,20,0,69,0,1720334,740491264,75732,18446744073709551615,94412364554240,94412406161905,140731937880112,0,0,0,0,4,32323,0,0,0,17,29,0,0,1,0,0,94412419767552,94412422680608,94412429475840,140731937884748,140731937884788,140731937884788,140731937890268,0
2,48907,(materialized),S,38788,38788,6701,34817,38788,1077936128,22660,3276,0,0,251,44,4,1,20,0,70,0,1732335,885735424,102109,18446744073709551615,94228063105024,94228104712689,140725036923936,0,0,0,0,4,32323,0,0,0,17,3,0,0,1,0,0,94228118318336,94228121231392,94228141682688,140725036931660,140725036931700,140725036931700,140725036937180,0
4,49070,(materialized),S,38788,38788,6701,34817,38788,1077936128,34030,3275,0,0,474,51,3,1,20,0,72,0,1744337,1304674304,157251,18446744073709551615,93958947799040,93958989406705,140723285479968,0,0,0,0,4,32323,0,0,0,17,5,0,0,1,0,0,93959003012352,93959005925408,93959024132096,140723285482060,140723285482100,140723285482100,140723285487580,0
8,49383,(materialized),S,38788,38788,6701,34817,38788,1077936128,60685,3272,1,0,1204,83,4,0,20,0,76,0,1756338,2298265600,310814,18446744073709551615,93937970851840,93938012459505,140735370324960,0,0,0,0,4,32323,0,0,0,17,4,0,0,1,0,0,93938026065152,93938028978208,93938050592768,140735370332748,140735370332788,140735370332788,140735370338268,0
16,49807,(materialized),S,38788,38788,6701,34817,38788,1077936128,116437,3276,0,0,3655,212,3,1,20,0,84,0,1768341,5472436224,755984,18446744073709551615,93963812556800,93963854164465,140727762038208,0,0,0,0,4,32323,0,0,0,17,20,0,0,1,0,0,93963867770112,93963870683168,93963895447552,140727762041419,140727762041460,140727762041460,140727762046940,0
32,50029,(materialized),S,38788,38788,6701,34817,38788,1077936128,348225,3275,0,0,17102,1063,5,1,20,0,100,0,1780347,17103503360,1786039,18446744073709551615,93943226863616,93943268471281,140728384850912,0,0,0,0,4,32323,0,0,0,17,15,0,0,1,0,0,93943282076928,93943284989984,93943294763008,140728384858699,140728384858740,140728384858740,140728384864220,0
1,50349,(materialized),S,38788,38788,6701,34817,38788,1077936128,19254,3275,0,0,130,34,3,2,20,0,69,0,1792362,737869824,75630,18446744073709551615,94816741212160,94816782819825,140720421239104,0,0,0,0,4,32323,0,0,0,17,24,0,0,1,0,0,94816796425472,94816799338528,94816804884480,140720421247564,140720421247604,140720421247604,140720421253084,0
2,50593,(materialized),S,38788,38788,6701,34817,38788,1077936128,24263,3274,0,0,240,41,4,0,20,0,70,0,1804363,879443968,100542,18446744073709551615,94228870766592,94228912374257,140730091882112,0,0,0,0,4,32323,0,0,0,17,0,0,0,1,0,0,94228925979904,94228928892960,94228947070976,140730091887180,140730091887220,140730091887220,140730091892700,0
4,50724,(materialized),S,38788,38788,6701,34817,38788,1077936128,33933,3282,3,0,497,46,3,1,20,0,72,0,1816365,1304674304,161941,18446744073709551615,94270690607104,94270732214769,140737040887040,0,0,0,0,4,32323,0,0,0,17,1,0,0,1,0,0,94270745820416,94270748733472,94270751756288,140737040894540,140737040894580,140737040894580,140737040900060,0
8,50934,(materialized),S,38788,38788,6701,34817,38788,1077936128,63776,3273,0,0,1277,80,4,1,20,0,76,0,1828367,2289876992,311310,18446744073709551615,93930196107264,93930237714929,140729269431056,0,0,0,0,4,32323,0,0,0,17,4,0,0,1,0,0,93930251320576,93930254233632,93930260172800,140729269439052,140729269439092,140729269439092,140729269444572,0
16,51257,(materialized),S,38788,38788,6701,34817,38788,1077936128,103946,3273,2,0,4055,205,4,1,20,0,84,0,1840370,5472436224,742280,18446744073709551615,94590046068736,94590087676401,140733744521872,0,0,0,0,4,32323,0,0,0,17,3,0,0,1,0,0,94590101282048,94590104195104,94590137507840,140733744523851,140733744523892,140733744523892,140733744529372,0
32,51789,(materialized),S,38788,38788,6701,34817,38788,1077936128,323761,3276,0,0,17906,1066,5,0,20,0,100,0,1852376,15760801792,1792660,18446744073709551615,94137823203328,94137864810993,140733070615712,0,0,0,0,4,32323,0,0,0,17,1,0,0,2,0,0,94137878416640,94137881329696,94137898180608,140733070617163,140733070617204,140733070617204,140733070622684,0
